Tables are grouped by horizon and sort by avg(h1)

A. SIMPLE

Analyze results at station = tuan-giao:
+--------+-------+------+----------+--------+--------+--------+--------+--------+--------+
|lookBack|horizon|layers|hiddenSize| avg(h1)| avg(h2)| avg(h3)| avg(h4)| avg(h5)|count(n)|
+--------+-------+------+----------+--------+--------+--------+--------+--------+--------+
|       7|      5|     2|        32|0.691645|0.708546|0.705924|0.704982|0.704826|       6|
|       7|      5|     3|        64|0.693700|0.706705|0.708362|0.707314|0.708414|       6|
|       7|      5|     2|       128|0.695533|0.709011|0.707530|0.708801|0.710938|       6|
|       7|      5|     2|        64|0.696106|0.709612|0.707663|0.704785|0.704350|       6|
|       7|      5|     3|       128|0.698444|0.706859|0.706516|0.708192|0.706093|       6|
|       7|      5|     3|       256|0.699884|0.714246|0.713879|0.716406|0.716608|       6|
|       7|      5|     3|        32|0.701755|0.705661|0.706170|0.705020|0.706530|       6|
|       7|      5|     3|       300|0.701761|0.718677|0.722508|0.721680|0.721425|       6|
|       7|      5|     2|       256|0.702594|0.712882|0.713349|0.716146|0.716903|       6|
|       7|      5|     2|       300|0.704074|0.722526|0.717850|0.717924|0.715520|       6|
|       7|      5|     2|       400|0.706504|0.723434|0.726141|0.720749|0.714383|       6|
|       7|      5|     3|       400|0.711535|0.738206|0.733956|0.722841|0.718161|       6|
|       7|      5|     3|       512|0.719012|0.743977|0.740176|0.741451|0.738112|       6|
|       7|      5|     2|       512|0.721404|0.734353|0.730477|0.722676|0.718987|       6|
|      14|      5|     2|        64|0.692813|0.707552|0.708491|0.707894|0.709442|       6|
|      14|      5|     2|        32|0.694514|0.704075|0.704743|0.705530|0.703945|       6|
|      14|      5|     3|        64|0.698273|0.716433|0.719181|0.721402|0.714262|       6|
|      14|      5|     3|        32|0.699203|0.703095|0.702486|0.703789|0.705188|       6|
|      14|      5|     2|       128|0.703985|0.727184|0.721605|0.722618|0.718652|       6|
|      14|      5|     3|       128|0.708878|0.728561|0.733331|0.732528|0.730049|       6|
+--------+-------+------+----------+--------+--------+--------+--------+--------+--------+
only showing top 20 rows

+--------+-------+------+----------+--------+--------+--------+--------+--------+--------+--------+--------+
|lookBack|horizon|layers|hiddenSize| avg(h1)| avg(h2)| avg(h3)| avg(h4)| avg(h5)| avg(h6)| avg(h7)|count(n)|
+--------+-------+------+----------+--------+--------+--------+--------+--------+--------+--------+--------+
|       7|      7|     2|        64|0.691561|0.706127|0.705246|0.705754|0.707143|0.708434|0.708239|       6|
|       7|      7|     2|       128|0.693542|0.707098|0.709458|0.711955|0.714980|0.711492|0.715678|       6|
|       7|      7|     3|        64|0.694618|0.707278|0.706729|0.708826|0.710904|0.708923|0.709151|       6|
|       7|      7|     3|       128|0.694658|0.706747|0.707747|0.710012|0.711730|0.711382|0.714060|       6|
|       7|      7|     2|        32|0.694732|0.706947|0.705907|0.708105|0.706263|0.703806|0.704789|       6|
|       7|      7|     2|       256|0.695346|0.714646|0.714022|0.714860|0.715799|0.715194|0.715333|       6|
|       7|      7|     2|       300|0.697253|0.715415|0.715965|0.716016|0.715951|0.718571|0.718066|       6|
|       7|      7|     3|        32|0.703279|0.710032|0.710236|0.711161|0.711545|0.710362|0.707860|       6|
|       7|      7|     3|       300|0.703881|0.715717|0.723124|0.716627|0.716903|0.722771|0.721289|       6|
|       7|      7|     3|       256|0.704561|0.716396|0.718790|0.725861|0.731273|0.723976|0.722201|       6|
|       7|      7|     2|       400|0.706879|0.726394|0.720465|0.719222|0.722921|0.728183|0.725404|       6|
|       7|      7|     2|       512|0.709605|0.732118|0.743677|0.739547|0.737475|0.736350|0.735745|       6|
|       7|      7|     3|       400|0.718916|0.761529|0.760790|0.753771|0.746517|0.739455|0.738870|       6|
|       7|      7|     3|       512|0.729004|0.762513|0.776397|0.764730|0.752196|0.749003|0.747098|       6|
|      14|      7|     2|        32|0.690604|0.704274|0.703186|0.705203|0.703658|0.703710|0.704043|       6|
|      14|      7|     2|        64|0.691155|0.704810|0.707270|0.706359|0.706658|0.706879|0.707025|       6|
|      14|      7|     3|        64|0.700385|0.710463|0.708776|0.710315|0.710871|0.710106|0.706596|       6|
|      14|      7|     2|       128|0.700977|0.712809|0.721342|0.722139|0.720809|0.714625|0.713953|       6|
|      14|      7|     3|        32|0.702573|0.707991|0.704933|0.703680|0.704289|0.704357|0.705616|       6|
|      14|      7|     3|       128|0.705029|0.723496|0.737958|0.733965|0.729859|0.721933|0.721338|       6|
+--------+-------+------+----------+--------+--------+--------+--------+--------+--------+--------+--------+
only showing top 20 rows

+--------+-------+------+----------+--------+--------+--------+--------+--------+--------+--------+--------+--------+--------+--------+
|lookBack|horizon|layers|hiddenSize| avg(h1)| avg(h2)| avg(h3)| avg(h4)| avg(h5)| avg(h6)| avg(h7)| avg(h8)| avg(h9)|avg(h10)|count(n)|
+--------+-------+------+----------+--------+--------+--------+--------+--------+--------+--------+--------+--------+--------+--------+
|       7|     10|     2|        64|0.690359|0.705064|0.705037|0.703657|0.706035|0.706143|0.708216|0.709545|0.708478|0.709171|       6|
|       7|     10|     2|       128|0.694317|0.702172|0.704256|0.706078|0.709146|0.711259|0.709909|0.709734|0.711189|0.710550|       6|
|       7|     10|     2|        32|0.695182|0.706130|0.706888|0.707331|0.709267|0.704606|0.707120|0.706207|0.705466|0.705595|       6|
|       7|     10|     2|       300|0.695908|0.713609|0.710353|0.713455|0.715661|0.718232|0.721200|0.720238|0.721019|0.716245|       6|
|       7|     10|     3|        64|0.696913|0.705304|0.707542|0.708823|0.710060|0.711284|0.711684|0.714740|0.709229|0.707118|       6|
|       7|     10|     3|       128|0.697350|0.708651|0.707686|0.709166|0.709938|0.712629|0.713899|0.714985|0.715660|0.712370|       6|
|       7|     10|     2|       256|0.697748|0.714974|0.716649|0.723377|0.720132|0.717775|0.721584|0.727653|0.720400|0.720694|       6|
|       7|     10|     3|       256|0.701663|0.716265|0.718680|0.717179|0.720628|0.725255|0.725307|0.730037|0.726368|0.721761|       6|
|       7|     10|     3|        32|0.703453|0.706839|0.707122|0.707414|0.708633|0.708847|0.707163|0.705867|0.705434|0.703829|       6|
|       7|     10|     2|       400|0.703588|0.724642|0.718184|0.719345|0.724669|0.730186|0.736872|0.735888|0.733250|0.730413|       6|
|       7|     10|     2|       512|0.710610|0.741363|0.738147|0.742628|0.746580|0.742666|0.750439|0.752314|0.752163|0.738701|       6|
|       7|     10|     3|       300|0.712744|0.723877|0.723079|0.719199|0.719801|0.726724|0.734149|0.731877|0.728678|0.721378|       6|
|       7|     10|     3|       400|0.713369|0.730284|0.731040|0.723888|0.725771|0.730345|0.733066|0.742369|0.739655|0.726870|       6|
|       7|     10|     3|       512|0.727671|0.767251|0.764948|0.747685|0.736580|0.737090|0.753412|0.760879|0.760802|0.742557|       6|
|      14|     10|     2|        64|0.692209|0.707584|0.706213|0.706436|0.706745|0.710383|0.709963|0.710236|0.708952|0.708761|       6|
|      14|     10|     2|       128|0.694640|0.707300|0.709981|0.712574|0.711514|0.710589|0.711472|0.711514|0.712921|0.713175|       6|
|      14|     10|     2|        32|0.696573|0.705172|0.705514|0.705799|0.705315|0.706538|0.705416|0.705596|0.705832|0.708189|       6|
|      14|     10|     3|        64|0.702342|0.709640|0.709226|0.711067|0.710955|0.710439|0.710169|0.708769|0.709649|0.708600|       6|
|      14|     10|     3|        32|0.703523|0.704394|0.703409|0.705194|0.704531|0.704417|0.704081|0.704663|0.706070|0.706638|       6|
|      14|     10|     3|       128|0.704424|0.722347|0.730296|0.730162|0.733005|0.728824|0.731789|0.725663|0.720684|0.715295|       6|
+--------+-------+------+----------+--------+--------+--------+--------+--------+--------+--------+--------+--------+--------+--------+
only showing top 20 rows

+--------+-------+------+----------+--------+--------+--------+--------+--------+--------+--------+--------+--------+--------+--------+--------+--------+--------+--------+
|lookBack|horizon|layers|hiddenSize| avg(h1)| avg(h2)| avg(h3)| avg(h4)| avg(h5)| avg(h6)| avg(h7)| avg(h8)| avg(h9)|avg(h10)|avg(h11)|avg(h12)|avg(h13)|avg(h14)|count(n)|
+--------+-------+------+----------+--------+--------+--------+--------+--------+--------+--------+--------+--------+--------+--------+--------+--------+--------+--------+
|       7|     14|     2|        64|0.690577|0.707259|0.708392|0.708432|0.709839|0.708446|0.710031|0.714291|0.710004|0.710351|0.709417|0.710150|0.707430|0.706407|       6|
|       7|     14|     3|       128|0.691518|0.702979|0.706069|0.705681|0.706096|0.709540|0.709558|0.710670|0.713420|0.715625|0.711661|0.707743|0.707868|0.707867|       6|
|       7|     14|     2|       128|0.693322|0.703471|0.705696|0.708299|0.709539|0.710627|0.713777|0.712055|0.715019|0.711533|0.708781|0.708526|0.708273|0.707545|       6|
|       7|     14|     2|        32|0.696975|0.706745|0.708533|0.708869|0.709428|0.708453|0.708000|0.707601|0.707953|0.707339|0.708552|0.708398|0.708802|0.707376|       6|
|       7|     14|     3|        64|0.698462|0.705085|0.706962|0.708426|0.707529|0.709661|0.709599|0.711685|0.711992|0.711192|0.707991|0.708538|0.710399|0.707628|       6|
|       7|     14|     2|       256|0.699826|0.712227|0.712420|0.712185|0.714182|0.713023|0.714296|0.717232|0.720119|0.717202|0.710318|0.709456|0.705821|0.704366|       6|
|       7|     14|     2|       300|0.701429|0.717650|0.717755|0.717233|0.711346|0.713526|0.718449|0.718355|0.717756|0.715567|0.712713|0.708924|0.708070|0.709988|       6|
|       7|     14|     2|       400|0.701510|0.719977|0.719306|0.723237|0.721571|0.721932|0.730679|0.729408|0.731746|0.721481|0.718257|0.716659|0.711740|0.707996|       6|
|       7|     14|     3|       256|0.704420|0.716389|0.716821|0.718547|0.714736|0.716879|0.715155|0.717702|0.717086|0.720135|0.717021|0.710701|0.706228|0.707759|       6|
|       7|     14|     3|        32|0.704933|0.707222|0.706526|0.708178|0.709810|0.709587|0.709008|0.708622|0.707565|0.707608|0.707165|0.707810|0.708203|0.707242|       6|
|       7|     14|     3|       300|0.705067|0.723869|0.721470|0.725968|0.720639|0.723823|0.728573|0.723245|0.725162|0.721519|0.711177|0.710566|0.711837|0.708435|       6|
|       7|     14|     2|       512|0.710379|0.734102|0.735245|0.727216|0.728563|0.735355|0.746679|0.739802|0.737207|0.727055|0.727989|0.717412|0.713977|0.713454|       6|
|       7|     14|     3|       512|0.718906|0.738354|0.742750|0.740537|0.732914|0.730221|0.740334|0.740911|0.736304|0.729620|0.733907|0.733666|0.721768|0.718292|       6|
|       7|     14|     3|       400|0.725026|0.734917|0.732908|0.727005|0.727296|0.731319|0.730929|0.732096|0.731228|0.728121|0.726257|0.722520|0.716874|0.716757|       6|
|      14|     14|     2|       128|0.694843|0.707798|0.713054|0.712414|0.711040|0.712884|0.709974|0.713150|0.715299|0.710482|0.710113|0.707599|0.707379|0.711740|       6|
|      14|     14|     2|        64|0.694963|0.710134|0.710330|0.709541|0.708484|0.709090|0.711394|0.708815|0.712187|0.708618|0.709801|0.707516|0.706208|0.709258|       6|
|      14|     14|     3|        64|0.701327|0.705110|0.706578|0.709187|0.709722|0.708079|0.707836|0.706379|0.707024|0.706335|0.706676|0.706820|0.708321|0.710868|       6|
|      14|     14|     2|        32|0.701505|0.712441|0.709220|0.708619|0.707954|0.704471|0.705059|0.704442|0.705814|0.706208|0.705737|0.705435|0.706503|0.708533|       6|
|      14|     14|     3|       128|0.702739|0.716475|0.717685|0.723585|0.724043|0.720632|0.718021|0.718110|0.718287|0.716534|0.714145|0.713417|0.711863|0.715179|       6|
|      14|     14|     3|        32|0.706671|0.705607|0.707629|0.706442|0.706551|0.706433|0.705187|0.704812|0.705552|0.705781|0.705322|0.706947|0.710056|0.711124|       6|
+--------+-------+------+----------+--------+--------+--------+--------+--------+--------+--------+--------+--------+--------+--------+--------+--------+--------+--------+
only showing top 20 rows

B. COMPLEX

+--------+-------+------+----------+--------+--------+--------+--------+--------+--------+
|lookBack|horizon|layers|hiddenSize| avg(h1)| avg(h2)| avg(h3)| avg(h4)| avg(h5)|count(n)|
+--------+-------+------+----------+--------+--------+--------+--------+--------+--------+
|       7|      5|     2|       512|0.659366|0.697723|0.731775|0.737050|0.747018|       3|
|       7|      5|     2|       400|0.659910|0.701193|0.724204|0.731805|0.737403|       3|
|       7|      5|     3|       512|0.662397|0.706602|0.732082|0.742037|0.743409|       3|
|       7|      5|     2|       256|0.673363|0.708537|0.734748|0.739958|0.744689|       3|
|       7|      5|     2|       300|0.677955|0.710193|0.732187|0.746146|0.748334|       3|
|       7|      5|     3|       400|0.678049|0.703156|0.741337|0.743569|0.747539|       3|
|       7|      5|     3|       300|0.680119|0.712523|0.732990|0.738423|0.743666|       3|
|       7|      5|     3|       256|0.681638|0.716139|0.741192|0.741984|0.745920|       3|
|       7|      5|     2|       128|0.718567|0.724765|0.735504|0.741710|0.747597|       3|
|       7|      5|     2|        64|0.720419|0.726729|0.735692|0.740640|0.744604|       3|
|       7|      5|     3|        64|0.726011|0.731017|0.740632|0.743736|0.746651|       3|
|       7|      5|     3|       128|0.727401|0.730187|0.739116|0.744189|0.745425|       3|
|       7|      5|     2|        32|0.756600|0.758471|0.764699|0.769749|0.772276|       3|
|       7|      5|     3|        32|0.783763|0.785234|0.790843|0.792547|0.794203|       3|
|      14|      5|     3|       512|0.658057|0.704358|0.729151|0.737733|0.742347|       3|
|      14|      5|     2|       512|0.658997|0.711791|0.731270|0.737420|0.742351|       3|
|      14|      5|     3|       400|0.665908|0.704483|0.731127|0.737701|0.743402|       3|
|      14|      5|     2|       400|0.666618|0.713583|0.741926|0.740578|0.744122|       3|
|      14|      5|     2|       300|0.669579|0.708819|0.730961|0.734879|0.740776|       3|
|      14|      5|     3|       300|0.686145|0.713521|0.734403|0.737287|0.741985|       3|
+--------+-------+------+----------+--------+--------+--------+--------+--------+--------+
only showing top 20 rows

+--------+-------+------+----------+--------+--------+--------+--------+--------+--------+--------+--------+
|lookBack|horizon|layers|hiddenSize| avg(h1)| avg(h2)| avg(h3)| avg(h4)| avg(h5)| avg(h6)| avg(h7)|count(n)|
+--------+-------+------+----------+--------+--------+--------+--------+--------+--------+--------+--------+
|       7|      7|     3|       512|0.660418|0.703752|0.730495|0.732127|0.742563|0.746016|0.749464|       3|
|       7|      7|     2|       512|0.669065|0.704370|0.720780|0.728687|0.737970|0.741377|0.746140|       3|
|       7|      7|     3|       400|0.669444|0.709202|0.729582|0.736101|0.746904|0.745999|0.750703|       3|
|       7|      7|     2|       400|0.681724|0.709501|0.729006|0.733733|0.749439|0.756869|0.756214|       3|
|       7|      7|     3|       300|0.686315|0.710735|0.730245|0.734470|0.743847|0.744633|0.747939|       3|
|       7|      7|     2|       256|0.688008|0.715873|0.727309|0.729211|0.737789|0.741370|0.743521|       3|
|       7|      7|     3|       256|0.696074|0.715981|0.729163|0.734518|0.746868|0.748853|0.749479|       3|
|       7|      7|     2|       300|0.696844|0.717875|0.729379|0.736683|0.742740|0.744122|0.748537|       3|
|       7|      7|     2|       128|0.713047|0.723933|0.731714|0.738438|0.744153|0.747045|0.753826|       3|
|       7|      7|     3|       128|0.719291|0.723693|0.728162|0.734919|0.744455|0.746298|0.750826|       3|
|       7|      7|     2|        64|0.719502|0.724630|0.730587|0.736936|0.742607|0.745515|0.748031|       3|
|       7|      7|     2|        32|0.722304|0.724694|0.729917|0.735202|0.743018|0.747749|0.751562|       3|
|       7|      7|     3|        64|0.736136|0.740179|0.744840|0.746076|0.754214|0.755697|0.759412|       3|
|       7|      7|     3|        32|0.755313|0.758557|0.759945|0.763082|0.768940|0.772020|0.775040|       3|
|      14|      7|     2|       512|0.663005|0.706379|0.723411|0.730088|0.740989|0.743585|0.745847|       3|
|      14|      7|     3|       512|0.664340|0.705876|0.729979|0.732661|0.740373|0.742664|0.747576|       3|
|      14|      7|     2|       400|0.667819|0.707774|0.725640|0.732899|0.741112|0.747155|0.748981|       3|
|      14|      7|     3|       400|0.673195|0.711260|0.731688|0.738580|0.745051|0.747590|0.756296|       3|
|      14|      7|     3|       300|0.685656|0.711223|0.726018|0.733329|0.741784|0.744321|0.748867|       3|
|      14|      7|     2|       300|0.685778|0.710873|0.724828|0.730739|0.742898|0.745473|0.748852|       3|
+--------+-------+------+----------+--------+--------+--------+--------+--------+--------+--------+--------+
only showing top 20 rows

+--------+-------+------+----------+--------+--------+--------+--------+--------+--------+--------+--------+--------+--------+--------+
|lookBack|horizon|layers|hiddenSize| avg(h1)| avg(h2)| avg(h3)| avg(h4)| avg(h5)| avg(h6)| avg(h7)| avg(h8)| avg(h9)|avg(h10)|count(n)|
+--------+-------+------+----------+--------+--------+--------+--------+--------+--------+--------+--------+--------+--------+--------+
|       7|     10|     3|       512|0.659242|0.705844|0.731644|0.736905|0.747984|0.747136|0.747334|0.754288|0.756335|0.755084|       3|
|       7|     10|     2|       512|0.666854|0.708075|0.730034|0.738910|0.737929|0.740132|0.744375|0.752092|0.754469|0.754998|       3|
|       7|     10|     2|       400|0.679871|0.708749|0.726348|0.739182|0.740894|0.740945|0.740313|0.750415|0.754109|0.754074|       3|
|       7|     10|     3|       400|0.689107|0.713760|0.729401|0.736776|0.747192|0.745196|0.746320|0.753931|0.757171|0.757738|       3|
|       7|     10|     2|       256|0.694797|0.717048|0.728587|0.732944|0.736896|0.742937|0.743759|0.749536|0.753073|0.754285|       3|
|       7|     10|     3|       256|0.698181|0.717396|0.728309|0.733940|0.741541|0.742014|0.742596|0.752348|0.758292|0.756622|       3|
|       7|     10|     2|       300|0.702227|0.723045|0.731514|0.741474|0.745345|0.749453|0.747432|0.756860|0.760378|0.762677|       3|
|       7|     10|     3|       300|0.715380|0.722641|0.730318|0.735822|0.736113|0.738840|0.742780|0.750961|0.753283|0.754043|       3|
|       7|     10|     2|       128|0.716284|0.726991|0.729315|0.732577|0.735865|0.740359|0.743497|0.751931|0.754361|0.755352|       3|
|       7|     10|     3|        64|0.723955|0.728317|0.731995|0.736528|0.738015|0.741512|0.745378|0.753729|0.756139|0.757383|       3|
|       7|     10|     3|       128|0.726640|0.729472|0.733944|0.739069|0.742283|0.745544|0.751536|0.756285|0.756980|0.756420|       3|
|       7|     10|     2|        64|0.756389|0.759803|0.760988|0.762879|0.765287|0.766304|0.769656|0.776716|0.778156|0.778668|       3|
|       7|     10|     3|        32|0.789545|0.791207|0.791694|0.792911|0.793198|0.792885|0.794291|0.800050|0.800011|0.799092|       3|
|       7|     10|     2|        32|0.817365|0.817327|0.817343|0.817374|0.817428|0.817283|0.817318|0.820469|0.820532|0.820643|       3|
|      14|     10|     3|       400|0.679288|0.713218|0.730237|0.735622|0.738901|0.742397|0.743407|0.749734|0.753219|0.751886|       3|
|      14|     10|     2|       512|0.679789|0.721569|0.730182|0.736013|0.740834|0.742069|0.749784|0.749176|0.759003|0.756488|       3|
|      14|     10|     2|       400|0.680270|0.716243|0.727067|0.733995|0.737280|0.742999|0.743696|0.750926|0.753859|0.753950|       3|
|      14|     10|     3|       512|0.681393|0.707798|0.730244|0.734693|0.739327|0.742348|0.744242|0.751631|0.756601|0.754139|       3|
|      14|     10|     2|       300|0.684162|0.717859|0.738017|0.737095|0.739384|0.744797|0.745763|0.753072|0.751452|0.753256|       3|
|      14|     10|     2|       256|0.702920|0.720751|0.732073|0.738061|0.741049|0.741503|0.744290|0.752433|0.756814|0.754647|       3|
+--------+-------+------+----------+--------+--------+--------+--------+--------+--------+--------+--------+--------+--------+--------+
only showing top 20 rows

+--------+-------+------+----------+--------+--------+--------+--------+--------+--------+--------+--------+--------+--------+--------+--------+--------+--------+--------+
|lookBack|horizon|layers|hiddenSize| avg(h1)| avg(h2)| avg(h3)| avg(h4)| avg(h5)| avg(h6)| avg(h7)| avg(h8)| avg(h9)|avg(h10)|avg(h11)|avg(h12)|avg(h13)|avg(h14)|count(n)|
+--------+-------+------+----------+--------+--------+--------+--------+--------+--------+--------+--------+--------+--------+--------+--------+--------+--------+--------+
|       7|     14|     3|       512|0.669728|0.714172|0.731984|0.738685|0.741287|0.742161|0.745672|0.746073|0.752927|0.749950|0.751734|0.763712|0.765287|0.762370|       3|
|       7|     14|     2|       512|0.675455|0.707298|0.726722|0.734005|0.740117|0.739621|0.743320|0.747363|0.750055|0.752406|0.751865|0.759747|0.760312|0.762664|       3|
|       7|     14|     3|       400|0.689353|0.709544|0.728207|0.735255|0.738628|0.740362|0.743504|0.746141|0.749090|0.750541|0.750981|0.757724|0.760411|0.761537|       3|
|       7|     14|     2|       400|0.691753|0.720351|0.732885|0.740488|0.740501|0.746411|0.748477|0.752537|0.751373|0.755083|0.753956|0.764263|0.765316|0.767130|       3|
|       7|     14|     2|       300|0.705647|0.724008|0.732112|0.738336|0.740906|0.743881|0.745472|0.749251|0.750691|0.752119|0.754856|0.760044|0.758586|0.761172|       3|
|       7|     14|     3|       300|0.712162|0.723209|0.732770|0.738537|0.741969|0.743148|0.745751|0.747192|0.749468|0.752084|0.753947|0.760849|0.763136|0.763268|       3|
|       7|     14|     3|       256|0.720230|0.726858|0.734442|0.739897|0.743113|0.744309|0.747225|0.750903|0.754316|0.756088|0.759466|0.764415|0.766635|0.767155|       3|
|       7|     14|     2|       128|0.724254|0.728010|0.733606|0.740236|0.744922|0.744780|0.749378|0.751928|0.754378|0.756230|0.756010|0.762351|0.761700|0.761753|       3|
|       7|     14|     2|       256|0.726617|0.730576|0.732746|0.740831|0.742728|0.751311|0.750190|0.751577|0.752362|0.753983|0.755060|0.761837|0.762620|0.763143|       3|
|       7|     14|     3|       128|0.729855|0.732864|0.736068|0.739413|0.740811|0.744778|0.748093|0.752305|0.756472|0.754444|0.754910|0.761402|0.760763|0.759672|       3|
|       7|     14|     2|        64|0.730033|0.734884|0.738747|0.743689|0.744255|0.747144|0.749959|0.752321|0.753101|0.751804|0.751092|0.756083|0.754542|0.755486|       3|
|       7|     14|     3|        64|0.731542|0.735325|0.737969|0.742376|0.745958|0.747044|0.748946|0.751861|0.753039|0.752599|0.753470|0.757346|0.758382|0.761506|       3|
|       7|     14|     3|        32|0.787603|0.788249|0.789516|0.790857|0.791755|0.793100|0.793957|0.795215|0.796136|0.796516|0.796406|0.799856|0.799824|0.799425|       3|
|       7|     14|     2|        32|0.787976|0.788955|0.789832|0.791149|0.792539|0.793724|0.794603|0.796157|0.797052|0.796996|0.797153|0.800854|0.800554|0.800912|       3|
|      14|     14|     2|       512|0.673605|0.712316|0.732800|0.736076|0.746986|0.747042|0.751052|0.751244|0.753608|0.761020|0.750678|0.758171|0.758598|0.757302|       3|
|      14|     14|     3|       512|0.682628|0.714479|0.742657|0.749807|0.752530|0.754609|0.749396|0.756853|0.751811|0.754214|0.751469|0.757073|0.758857|0.759491|       3|
|      14|     14|     2|       400|0.692652|0.718997|0.731927|0.738203|0.747030|0.746731|0.745923|0.748241|0.758862|0.751774|0.753583|0.759724|0.761750|0.762194|       3|
|      14|     14|     3|       400|0.698842|0.723166|0.735284|0.738869|0.744986|0.743338|0.747898|0.748125|0.752564|0.749934|0.748990|0.755604|0.757310|0.758718|       3|
|      14|     14|     2|       300|0.712181|0.723912|0.730279|0.735536|0.740635|0.747835|0.745141|0.746414|0.749121|0.756164|0.755282|0.764573|0.761787|0.760458|       3|
|      14|     14|     2|       256|0.722571|0.728766|0.738126|0.741641|0.747678|0.749725|0.748215|0.757393|0.756091|0.756982|0.761167|0.763082|0.762534|0.763142|       3|
+--------+-------+------+----------+--------+--------+--------+--------+--------+--------+--------+--------+--------+--------+--------+--------+--------+--------+--------+
only showing top 20 rows

C. BERT

Analyze results at station = tuan-giao:
+--------+-------+------+----------+-----+------+--------+--------+--------+--------+--------+--------+--------+--------+
|lookBack|horizon|layers|hiddenSize|heads|blocks| avg(h1)| avg(h2)| avg(h3)| avg(h4)| avg(h5)| avg(h6)| avg(h7)|count(n)|
+--------+-------+------+----------+-----+------+--------+--------+--------+--------+--------+--------+--------+--------+
|       7|      7|     7|       512|    4|     4|0.657822|0.709264|0.727600|0.731349|0.742349|0.745046|0.749263|       6|
|       7|      7|     7|       512|    2|     2|0.658641|0.705848|0.728539|0.740290|0.751653|0.755130|0.751129|       6|
|       7|      7|     7|       400|    8|     3|0.659326|0.703838|0.729635|0.730969|0.742733|0.745047|0.746421|       6|
|       7|      7|     5|       512|    4|     3|0.659981|0.705151|0.731346|0.734842|0.745543|0.746280|0.748077|       6|
|       7|      7|     5|       512|    8|     3|0.660582|0.709610|0.730008|0.729290|0.743195|0.745051|0.749363|       6|
|       7|      7|     7|       400|    8|     4|0.663145|0.716547|0.732826|0.737889|0.745398|0.747310|0.747247|       6|
|       7|      7|     5|       512|    4|     2|0.664037|0.705856|0.729506|0.732842|0.744511|0.745570|0.746332|       6|
|       7|      7|     7|       512|    2|     4|0.664178|0.706935|0.731037|0.732964|0.742798|0.747353|0.748010|       6|
|       7|      7|     5|       512|    2|     3|0.665230|0.711526|0.728439|0.731982|0.744139|0.749689|0.749995|       6|
|       7|      7|     5|       512|    8|     4|0.665593|0.701977|0.728574|0.731696|0.745466|0.747533|0.747993|       6|
|       7|      7|     7|       512|    4|     2|0.667422|0.712175|0.728582|0.736014|0.745332|0.748993|0.754040|       6|
|       7|      7|     5|       512|    4|     4|0.667749|0.708666|0.728194|0.734031|0.742651|0.748424|0.748976|       6|
|       7|      7|     5|       512|    8|     2|0.668349|0.705269|0.726667|0.734099|0.746446|0.747978|0.752565|       6|
|       7|      7|     7|       512|    4|     3|0.668358|0.711185|0.728296|0.732692|0.741365|0.744226|0.746172|       6|
|       7|      7|     5|       400|    8|     4|0.668379|0.707923|0.730719|0.736107|0.742719|0.752957|0.751271|       6|
|       7|      7|     7|       512|    8|     2|0.668515|0.711320|0.728502|0.731479|0.745826|0.750932|0.751807|       6|
|       7|      7|     7|       512|    2|     3|0.668928|0.708443|0.729125|0.731518|0.743178|0.747525|0.750489|       6|
|       7|      7|     5|       400|    8|     2|0.669254|0.711847|0.726944|0.730043|0.741495|0.746931|0.748832|       6|
|       7|      7|     5|       300|    8|     3|0.669937|0.705939|0.727050|0.731838|0.744264|0.746941|0.748095|       6|
|       7|      7|     7|       512|    8|     3|0.670770|0.707646|0.728588|0.730262|0.741543|0.746914|0.750160|       6|
+--------+-------+------+----------+-----+------+--------+--------+--------+--------+--------+--------+--------+--------+
