Tables are grouped by horizon and sort by avg(h1)

A. SIMPLE

Analyze results at station = viet-tri:
+--------+-------+------+----------+--------+--------+--------+--------+--------+--------+
|lookBack|horizon|layers|hiddenSize| avg(h1)| avg(h2)| avg(h3)| avg(h4)| avg(h5)|count(n)|
+--------+-------+------+----------+--------+--------+--------+--------+--------+--------+
|       7|      5|     2|        64|1.008812|1.042876|1.049866|1.046739|1.044422|       2|
|       7|      5|     2|       128|1.010486|1.039169|1.046536|1.046175|1.039068|       2|
|       7|      5|     2|        32|1.013289|1.037548|1.042103|1.041133|1.039340|       2|
|       7|      5|     3|        64|1.014395|1.041772|1.044608|1.044148|1.037056|       2|
|       7|      5|     2|       256|1.016606|1.049386|1.056078|1.057592|1.051946|       2|
|       7|      5|     3|       128|1.018724|1.047116|1.050028|1.046993|1.038467|       2|
|       7|      5|     3|       256|1.028588|1.044595|1.063804|1.074938|1.071566|       2|
|       7|      5|     3|        32|1.028891|1.035675|1.037089|1.037567|1.038129|       2|
|       7|      5|     2|       300|1.035801|1.057788|1.064172|1.061698|1.051420|       4|
|       7|      5|     2|       400|1.041269|1.052513|1.053242|1.063178|1.058489|       4|
|       7|      5|     2|       512|1.048536|1.067551|1.056866|1.073473|1.071871|       4|
|       7|      5|     3|       300|1.051907|1.064903|1.089816|1.072452|1.061754|       4|
|       7|      5|     3|       512|1.059813|1.056834|1.061991|1.058212|1.060192|       4|
|       7|      5|     3|       400|1.073895|1.084793|1.090603|1.084078|1.067236|       4|
|      14|      5|     2|        64|1.012853|1.040896|1.045614|1.038896|1.037592|       2|
|      14|      5|     2|       128|1.015742|1.050245|1.048200|1.043725|1.039936|       2|
|      14|      5|     2|        32|1.016765|1.037126|1.038964|1.039265|1.036459|       2|
|      14|      5|     3|       128|1.019529|1.056012|1.056609|1.048020|1.043516|       2|
|      14|      5|     3|        64|1.024951|1.041871|1.044514|1.041132|1.041254|       2|
|      14|      5|     3|        32|1.028904|1.036606|1.037762|1.037622|1.037418|       2|
+--------+-------+------+----------+--------+--------+--------+--------+--------+--------+
only showing top 20 rows

+--------+-------+------+----------+--------+--------+--------+--------+--------+--------+--------+--------+
|lookBack|horizon|layers|hiddenSize| avg(h1)| avg(h2)| avg(h3)| avg(h4)| avg(h5)| avg(h6)| avg(h7)|count(n)|
+--------+-------+------+----------+--------+--------+--------+--------+--------+--------+--------+--------+
|       7|      7|     2|        64|1.011341|1.040954|1.044928|1.041918|1.041639|1.039789|1.039480|       2|
|       7|      7|     2|       128|1.013905|1.046238|1.048546|1.044503|1.038917|1.039079|1.037119|       2|
|       7|      7|     3|       256|1.015373|1.044906|1.052175|1.053387|1.062533|1.061481|1.052270|       2|
|       7|      7|     2|        32|1.018360|1.040447|1.045651|1.041792|1.039712|1.040199|1.040177|       2|
|       7|      7|     3|       128|1.018576|1.045837|1.047935|1.047055|1.041933|1.041763|1.037463|       2|
|       7|      7|     2|       256|1.020679|1.055944|1.064738|1.066428|1.056745|1.055410|1.049832|       2|
|       7|      7|     3|        64|1.021096|1.041570|1.047675|1.046036|1.046212|1.044634|1.039295|       2|
|       7|      7|     3|       300|1.021768|1.056245|1.055391|1.069003|1.065071|1.063755|1.057559|       4|
|       7|      7|     2|       300|1.024496|1.052026|1.057681|1.059665|1.053987|1.056358|1.054631|       4|
|       7|      7|     3|        32|1.030112|1.040612|1.042195|1.042019|1.040739|1.040656|1.038882|       2|
|       7|      7|     5|       300|1.038088|1.051448|1.053649|1.059700|1.072761|1.062850|1.048676|       6|
|       7|      7|     2|       400|1.041732|1.069807|1.071225|1.065673|1.068136|1.056105|1.057717|       4|
|       7|      7|     7|       300|1.044136|1.050677|1.049495|1.046368|1.044783|1.043570|1.041231|       8|
|       7|      7|     7|       400|1.048705|1.060799|1.062498|1.056580|1.047413|1.048363|1.046562|       8|
|       7|      7|     5|       400|1.049630|1.077699|1.078518|1.103319|1.116146|1.094561|1.062508|       6|
|       7|      7|     7|       512|1.050199|1.057791|1.055755|1.046508|1.049881|1.048134|1.040496|       8|
|       7|      7|     7|       768|1.051860|1.043174|1.052087|1.061982|1.054430|1.055904|1.049515|       2|
|       7|      7|     5|       512|1.052498|1.063802|1.071671|1.071270|1.070658|1.054536|1.047231|       6|
|       7|      7|     2|       512|1.066101|1.068970|1.076868|1.089833|1.098120|1.079508|1.068084|       4|
|       7|      7|     5|       768|1.068652|1.052517|1.060026|1.060907|1.069113|1.059247|1.059180|       6|
+--------+-------+------+----------+--------+--------+--------+--------+--------+--------+--------+--------+
only showing top 20 rows

+--------+-------+------+----------+--------+--------+--------+--------+--------+--------+--------+--------+--------+--------+--------+
|lookBack|horizon|layers|hiddenSize| avg(h1)| avg(h2)| avg(h3)| avg(h4)| avg(h5)| avg(h6)| avg(h7)| avg(h8)| avg(h9)|avg(h10)|count(n)|
+--------+-------+------+----------+--------+--------+--------+--------+--------+--------+--------+--------+--------+--------+--------+
|       7|     10|     2|       128|1.009779|1.039840|1.043917|1.044471|1.046700|1.043106|1.041170|1.039978|1.042737|1.037935|       2|
|       7|     10|     3|       128|1.010340|1.041679|1.044975|1.045914|1.044388|1.046465|1.044515|1.042617|1.038116|1.039328|       2|
|       7|     10|     2|        64|1.011803|1.036510|1.042628|1.043351|1.045615|1.043457|1.041907|1.040800|1.040766|1.038818|       2|
|       7|     10|     2|       256|1.020482|1.044990|1.052167|1.063351|1.063629|1.055266|1.059859|1.057981|1.053290|1.049618|       2|
|       7|     10|     3|       256|1.020732|1.043729|1.050003|1.058492|1.063865|1.061691|1.052497|1.057829|1.055567|1.041344|       2|
|       7|     10|     2|        32|1.024360|1.041054|1.042353|1.040380|1.040210|1.039625|1.039394|1.040472|1.041405|1.040428|       2|
|       7|     10|     3|        64|1.028464|1.039998|1.042876|1.041110|1.041791|1.043762|1.040457|1.038890|1.040045|1.042228|       2|
|       7|     10|     3|       300|1.031875|1.057465|1.060548|1.070816|1.083098|1.091567|1.087217|1.075871|1.056344|1.050434|       4|
|       7|     10|     2|       300|1.034368|1.059150|1.069379|1.063014|1.067614|1.062630|1.064202|1.069785|1.062261|1.052694|       4|
|       7|     10|     3|        32|1.035225|1.040110|1.040311|1.041030|1.040340|1.042004|1.040332|1.040111|1.040113|1.040224|       2|
|       7|     10|     2|       400|1.038643|1.089638|1.079468|1.093847|1.094737|1.097135|1.082965|1.085462|1.068423|1.053064|       4|
|       7|     10|     2|       512|1.044850|1.067066|1.066981|1.084750|1.084216|1.074032|1.088236|1.091460|1.079951|1.062420|       4|
|       7|     10|     3|       400|1.055372|1.086573|1.087204|1.106854|1.148328|1.109425|1.095728|1.084258|1.068200|1.053460|       4|
|       7|     10|     3|       512|1.083684|1.060176|1.062516|1.070393|1.088491|1.093831|1.081106|1.092427|1.069126|1.050932|       4|
|      14|     10|     2|       128|1.020260|1.055944|1.059866|1.058978|1.052247|1.046462|1.045214|1.043710|1.041111|1.040251|       2|
|      14|     10|     2|        64|1.021364|1.047488|1.048742|1.048418|1.045410|1.040857|1.039342|1.038488|1.038314|1.034947|       2|
|      14|     10|     2|        32|1.024879|1.041339|1.042326|1.040350|1.037790|1.042276|1.038563|1.038960|1.040853|1.038388|       2|
|      14|     10|     3|       128|1.026667|1.048476|1.053799|1.043760|1.047060|1.057050|1.082935|1.119285|1.058584|1.062970|       2|
|      14|     10|     2|       256|1.029022|1.081491|1.091712|1.086709|1.093553|1.095403|1.109217|1.134597|1.080068|1.086280|       2|
|      14|     10|     3|       256|1.036232|1.110148|1.123113|1.144034|1.114254|1.075509|1.073755|1.083910|1.095713|1.089185|       2|
+--------+-------+------+----------+--------+--------+--------+--------+--------+--------+--------+--------+--------+--------+--------+
only showing top 20 rows

+--------+-------+------+----------+--------+--------+--------+--------+--------+--------+--------+--------+--------+--------+--------+--------+--------+--------+--------+
|lookBack|horizon|layers|hiddenSize| avg(h1)| avg(h2)| avg(h3)| avg(h4)| avg(h5)| avg(h6)| avg(h7)| avg(h8)| avg(h9)|avg(h10)|avg(h11)|avg(h12)|avg(h13)|avg(h14)|count(n)|
+--------+-------+------+----------+--------+--------+--------+--------+--------+--------+--------+--------+--------+--------+--------+--------+--------+--------+--------+
|       7|     14|     2|       128|1.011248|1.045119|1.050070|1.046735|1.048294|1.045933|1.046461|1.051131|1.048635|1.048735|1.046483|1.051194|1.045779|1.040315|       2|
|       7|     14|     2|        64|1.011978|1.039321|1.044160|1.040159|1.042979|1.041675|1.039945|1.040508|1.039932|1.042705|1.039477|1.040688|1.039529|1.037763|       2|
|       7|     14|     3|       128|1.013369|1.046295|1.049509|1.046924|1.047658|1.047229|1.044945|1.043666|1.042182|1.040391|1.041838|1.040017|1.039603|1.039982|       2|
|       7|     14|     2|       256|1.019080|1.045370|1.062699|1.056415|1.051254|1.048652|1.046691|1.051429|1.048406|1.047411|1.050968|1.055142|1.050464|1.045730|       2|
|       7|     14|     2|        32|1.023458|1.039653|1.044905|1.043027|1.043734|1.043810|1.041495|1.042354|1.040939|1.041564|1.041727|1.041958|1.037605|1.038640|       2|
|       7|     14|     2|       300|1.023948|1.051259|1.058155|1.060381|1.060881|1.060354|1.060241|1.060554|1.059646|1.054006|1.050457|1.050960|1.052782|1.048176|       4|
|       7|     14|     3|        64|1.027890|1.041096|1.043050|1.042119|1.043116|1.046701|1.045719|1.045346|1.042654|1.042668|1.042652|1.041343|1.040056|1.038245|       2|
|       7|     14|     3|       256|1.030761|1.056104|1.049099|1.059280|1.068607|1.072178|1.070649|1.063400|1.056997|1.051249|1.046397|1.047693|1.042806|1.045633|       2|
|       7|     14|     3|       300|1.031384|1.054087|1.058638|1.069675|1.073618|1.084563|1.076690|1.066017|1.056335|1.052809|1.053611|1.057399|1.054805|1.056671|       4|
|       7|     14|     2|       400|1.035569|1.058320|1.060490|1.074343|1.071248|1.066871|1.072133|1.074785|1.068566|1.055986|1.058484|1.059128|1.057698|1.050213|       4|
|       7|     14|     2|       512|1.037486|1.067082|1.063697|1.073904|1.074337|1.088018|1.087909|1.104471|1.082151|1.060187|1.062666|1.060758|1.061061|1.071870|       4|
|       7|     14|     3|        32|1.037687|1.042301|1.043201|1.043532|1.044476|1.045389|1.043428|1.044277|1.043164|1.043387|1.041216|1.041235|1.039827|1.040563|       2|
|       7|     14|     3|       400|1.044104|1.072596|1.086870|1.089637|1.109882|1.080364|1.104989|1.111089|1.092728|1.062606|1.054415|1.051284|1.049636|1.056722|       4|
|       7|     14|     3|       512|1.051567|1.054504|1.054703|1.063006|1.083844|1.082911|1.103784|1.095759|1.087313|1.099845|1.071928|1.062512|1.055491|1.058028|       4|
|      14|     14|     2|       128|1.017530|1.046467|1.050310|1.046980|1.041964|1.041460|1.040279|1.051589|1.049528|1.036622|1.035815|1.041479|1.048348|1.047357|       2|
|      14|     14|     2|        64|1.020805|1.044445|1.048370|1.044354|1.044519|1.044253|1.045524|1.041073|1.037125|1.037913|1.037160|1.037605|1.041707|1.046708|       2|
|      14|     14|     2|       256|1.021498|1.072338|1.074490|1.058538|1.062285|1.065391|1.078880|1.070439|1.080144|1.092531|1.078748|1.095297|1.086984|1.063660|       2|
|      14|     14|     2|        32|1.026291|1.042826|1.044038|1.044501|1.045065|1.043430|1.042429|1.040675|1.038837|1.037430|1.037232|1.037486|1.036903|1.039296|       2|
|      14|     14|     3|       128|1.031797|1.049301|1.050411|1.053524|1.062613|1.065033|1.072207|1.087216|1.068052|1.063199|1.063325|1.054781|1.044876|1.054819|       2|
|      14|     14|     2|       300|1.033638|1.069377|1.084646|1.080118|1.087557|1.092213|1.076757|1.145793|1.106634|1.094928|1.097314|1.088999|1.070980|1.072154|       4|
+--------+-------+------+----------+--------+--------+--------+--------+--------+--------+--------+--------+--------+--------+--------+--------+--------+--------+--------+
only showing top 20 rows


B. COMPLEX

Analyze results at station = viet-tri:
+--------+-------+------+----------+--------+--------+--------+--------+--------+--------+
|lookBack|horizon|layers|hiddenSize| avg(h1)| avg(h2)| avg(h3)| avg(h4)| avg(h5)|count(n)|
+--------+-------+------+----------+--------+--------+--------+--------+--------+--------+
|       7|      5|     3|       300|0.949046|1.071038|1.122317|1.118502|1.121345|       4|
|       7|      5|     3|       400|0.950626|1.059824|1.118996|1.120446|1.124005|       4|
|       7|      5|     3|       512|0.953669|1.062553|1.116208|1.119174|1.121202|       4|
|       7|      5|     2|       300|0.959298|1.072111|1.118867|1.120910|1.128408|       4|
|       7|      5|     2|       256|0.962704|1.067869|1.117722|1.119559|1.121839|       4|
|       7|      5|     2|       512|0.967759|1.063075|1.112983|1.121098|1.126794|       4|
|       7|      5|     3|       256|0.970372|1.060443|1.117249|1.119600|1.124893|       4|
|       7|      5|     2|       400|0.974433|1.075561|1.116446|1.122306|1.128671|       4|
|       7|      5|     3|       128|1.029358|1.092160|1.118346|1.120673|1.122810|       4|
|       7|      5|     2|       128|1.050321|1.094834|1.117419|1.123177|1.125160|       5|
|       7|      5|     2|        32|1.100222|1.113662|1.122233|1.126527|1.129070|       4|
|       7|      5|     2|        64|1.112982|1.131731|1.138216|1.138602|1.140436|       4|
|       7|      5|     3|        32|1.118925|1.119244|1.121107|1.125004|1.128038|       4|
|       7|      5|     3|        64|1.140302|1.145256|1.150058|1.152173|1.152570|       4|
|      14|      5|     3|       400|0.938198|1.059406|1.116746|1.119381|1.122171|       4|
|      14|      5|     2|       400|0.954693|1.066734|1.118512|1.124444|1.132073|       4|
|      14|      5|     2|       300|0.957742|1.070769|1.121526|1.125872|1.126316|       4|
|      14|      5|     3|       300|0.957933|1.062293|1.128607|1.131437|1.132556|       4|
|      14|      5|     2|       512|0.958288|1.061662|1.114664|1.122954|1.134385|       4|
|      14|      5|     2|       256|0.961792|1.068968|1.120094|1.120143|1.120458|       4|
+--------+-------+------+----------+--------+--------+--------+--------+--------+--------+
only showing top 20 rows

+--------+-------+------+----------+--------+--------+--------+--------+--------+--------+--------+--------+
|lookBack|horizon|layers|hiddenSize| avg(h1)| avg(h2)| avg(h3)| avg(h4)| avg(h5)| avg(h6)| avg(h7)|count(n)|
+--------+-------+------+----------+--------+--------+--------+--------+--------+--------+--------+--------+
|       7|      7|     3|       400|0.954009|1.064068|1.122559|1.122773|1.123712|1.123228|1.126480|       4|
|       7|      7|     3|       256|0.955123|1.068902|1.119921|1.122111|1.124145|1.126236|1.127589|       4|
|       7|      7|     3|       300|0.957437|1.059298|1.118442|1.119735|1.122765|1.122891|1.125611|       4|
|       7|      7|     3|       512|0.958458|1.070334|1.123216|1.120614|1.122949|1.124763|1.125824|       4|
|       7|      7|     2|       400|0.960877|1.059296|1.114287|1.117257|1.119948|1.121198|1.122701|       4|
|       7|      7|     2|       512|0.963481|1.065998|1.116165|1.117607|1.124044|1.123551|1.124036|       4|
|       7|      7|     5|       512|0.963689|1.071620|1.124071|1.125915|1.131056|1.131522|1.132260|       3|
|       7|      7|     2|       300|0.964431|1.072820|1.116422|1.120548|1.123478|1.120963|1.126878|       4|
|       7|      7|     7|       512|0.965180|1.076832|1.120449|1.123198|1.128013|1.129949|1.130251|       3|
|       7|      7|     5|       400|0.977092|1.061689|1.117813|1.120456|1.125406|1.127042|1.128539|       3|
|       7|      7|     2|       256|0.978537|1.075931|1.117806|1.119626|1.120393|1.125549|1.126727|       4|
|       7|      7|     5|       768|0.987809|1.078921|1.126854|1.126784|1.127449|1.129411|1.128700|       3|
|       7|      7|     7|       300|1.009235|1.086265|1.123750|1.123453|1.129046|1.129406|1.131761|       3|
|       7|      7|     7|       768|1.009635|1.109716|1.158095|1.163000|1.165176|1.168598|1.168737|       3|
|       7|      7|     2|       128|1.020750|1.090347|1.118415|1.120357|1.123592|1.129682|1.127779|       4|
|       7|      7|     5|       300|1.036248|1.091638|1.122031|1.127973|1.129480|1.132905|1.132283|       3|
|       7|      7|     7|       400|1.039483|1.090918|1.123590|1.126398|1.131770|1.137010|1.135515|       3|
|       7|      7|     3|       128|1.050940|1.095956|1.116150|1.120306|1.125466|1.126484|1.129957|       4|
|       7|      7|     2|        64|1.111234|1.115646|1.120594|1.122795|1.124265|1.126305|1.126579|       4|
|       7|      7|     3|        64|1.114873|1.120233|1.123406|1.125445|1.127239|1.130718|1.132104|       4|
+--------+-------+------+----------+--------+--------+--------+--------+--------+--------+--------+--------+
only showing top 20 rows

+--------+-------+------+----------+--------+--------+--------+--------+--------+--------+--------+--------+--------+--------+--------+
|lookBack|horizon|layers|hiddenSize| avg(h1)| avg(h2)| avg(h3)| avg(h4)| avg(h5)| avg(h6)| avg(h7)| avg(h8)| avg(h9)|avg(h10)|count(n)|
+--------+-------+------+----------+--------+--------+--------+--------+--------+--------+--------+--------+--------+--------+--------+
|       7|     10|     3|       512|0.956564|1.074221|1.122521|1.123361|1.127271|1.128544|1.128389|1.132899|1.134775|1.134248|       4|
|       7|     10|     2|       512|0.963066|1.073585|1.119103|1.120053|1.124856|1.123973|1.123794|1.129483|1.133388|1.133382|       4|
|       7|     10|     2|       400|0.967647|1.083321|1.121492|1.122910|1.122740|1.123203|1.125888|1.130267|1.131691|1.130507|       4|
|       7|     10|     3|       300|0.971633|1.085623|1.123319|1.121122|1.122398|1.122701|1.126342|1.132602|1.135122|1.134360|       4|
|       7|     10|     2|       300|0.973682|1.074608|1.120263|1.121066|1.122997|1.123164|1.126668|1.127786|1.132458|1.132559|       4|
|       7|     10|     2|       256|0.979332|1.072812|1.117702|1.120212|1.122208|1.122205|1.123658|1.130350|1.136050|1.133173|       4|
|       7|     10|     3|       256|0.984190|1.077557|1.125870|1.125741|1.124376|1.124745|1.129258|1.133090|1.137453|1.136096|       4|
|       7|     10|     3|       400|0.991987|1.084111|1.129013|1.124192|1.125975|1.124435|1.128109|1.131081|1.132516|1.131667|       4|
|       7|     10|     2|        64|1.093950|1.114370|1.121739|1.124402|1.126105|1.126967|1.130099|1.131845|1.132214|1.132401|       4|
|       7|     10|     2|       128|1.096393|1.110850|1.123107|1.124775|1.126485|1.128082|1.129823|1.131141|1.133474|1.134762|       4|
|       7|     10|     3|       128|1.111610|1.121699|1.122829|1.126275|1.127025|1.130880|1.130428|1.134431|1.136007|1.139495|       4|
|       7|     10|     2|        32|1.115548|1.119690|1.123091|1.125028|1.127209|1.128802|1.130144|1.131829|1.135226|1.137012|       4|
|       7|     10|     3|        32|1.123336|1.123551|1.124687|1.126488|1.128607|1.129237|1.130330|1.131933|1.132554|1.132069|       4|
|       7|     10|     3|        64|1.139978|1.139291|1.139350|1.143405|1.143614|1.143597|1.145051|1.145627|1.146519|1.145878|       4|
|      14|     10|     2|       512|0.962041|1.067080|1.118068|1.123945|1.125433|1.126188|1.125819|1.132198|1.137144|1.141050|       3|
|      14|     10|     3|       400|0.964189|1.085946|1.131317|1.122762|1.122630|1.123380|1.127997|1.133885|1.134977|1.136239|       3|
|      14|     10|     2|       400|0.967713|1.073824|1.120069|1.120786|1.127452|1.124532|1.127053|1.130859|1.136368|1.135915|       4|
|      14|     10|     3|       512|0.983617|1.074890|1.121507|1.119937|1.123373|1.122372|1.124874|1.129094|1.134392|1.134299|       3|
|      14|     10|     3|       300|0.992564|1.095642|1.141478|1.121780|1.128011|1.127600|1.129290|1.133399|1.135435|1.136902|       3|
|      14|     10|     2|       300|0.994264|1.080194|1.121984|1.120615|1.125725|1.126291|1.126348|1.130672|1.137600|1.135007|       4|
+--------+-------+------+----------+--------+--------+--------+--------+--------+--------+--------+--------+--------+--------+--------+
only showing top 20 rows

+--------+-------+------+----------+--------+--------+--------+--------+--------+--------+--------+--------+--------+--------+--------+--------+--------+--------+--------+
|lookBack|horizon|layers|hiddenSize| avg(h1)| avg(h2)| avg(h3)| avg(h4)| avg(h5)| avg(h6)| avg(h7)| avg(h8)| avg(h9)|avg(h10)|avg(h11)|avg(h12)|avg(h13)|avg(h14)|count(n)|
+--------+-------+------+----------+--------+--------+--------+--------+--------+--------+--------+--------+--------+--------+--------+--------+--------+--------+--------+
|       7|     14|     3|       400|0.959488|1.073506|1.125303|1.123135|1.125615|1.126804|1.128090|1.132711|1.136131|1.132008|1.131876|1.132384|1.131425|1.135674|       3|
|       7|     14|     2|       400|0.974099|1.079552|1.128207|1.130385|1.127740|1.129539|1.133020|1.137783|1.133712|1.135179|1.139068|1.136410|1.133607|1.138872|       3|
|       7|     14|     2|       300|0.980822|1.075627|1.124242|1.126334|1.129365|1.131803|1.138089|1.137517|1.138576|1.138902|1.134763|1.135140|1.135984|1.136446|       3|
|       7|     14|     2|       512|0.981398|1.078577|1.126405|1.125490|1.126867|1.125894|1.126924|1.131512|1.136031|1.138014|1.133683|1.132504|1.134503|1.134023|       3|
|       7|     14|     3|       512|0.985685|1.084870|1.134693|1.132048|1.135736|1.132514|1.132456|1.137295|1.137383|1.136415|1.138302|1.138132|1.138316|1.137761|       3|
|       7|     14|     3|       300|0.992454|1.076165|1.125002|1.125254|1.128977|1.130906|1.135383|1.136920|1.135621|1.134173|1.134373|1.136415|1.135684|1.134545|       3|
|       7|     14|     2|       256|1.013724|1.085259|1.119277|1.122146|1.128406|1.125801|1.127004|1.128496|1.130395|1.131583|1.130923|1.132514|1.134894|1.131017|       3|
|       7|     14|     3|       256|1.067315|1.105188|1.124208|1.124192|1.127086|1.129703|1.129451|1.129997|1.130792|1.132374|1.133185|1.131113|1.129997|1.131667|       3|
|       7|     14|     2|       128|1.096741|1.114312|1.122661|1.125560|1.127427|1.127120|1.129039|1.130970|1.132694|1.133120|1.134182|1.131704|1.132765|1.133327|       3|
|       7|     14|     3|        64|1.122124|1.123214|1.124309|1.126065|1.127553|1.128992|1.130144|1.131299|1.132294|1.131429|1.130950|1.130513|1.131106|1.131413|       3|
|       7|     14|     3|       128|1.125446|1.127554|1.128545|1.130486|1.131552|1.134675|1.134342|1.136572|1.136752|1.137572|1.137671|1.138599|1.136856|1.137093|       3|
|       7|     14|     2|        64|1.125872|1.127086|1.128388|1.130845|1.132346|1.132208|1.133063|1.134069|1.134297|1.134339|1.132740|1.132731|1.132333|1.132425|       3|
|       7|     14|     3|        32|1.126546|1.127024|1.127361|1.130139|1.132211|1.133886|1.136137|1.136237|1.136720|1.136474|1.137639|1.137969|1.136787|1.137392|       3|
|       7|     14|     2|        32|1.129449|1.128197|1.129504|1.132474|1.134488|1.134610|1.136058|1.135714|1.136338|1.136488|1.135211|1.135464|1.135667|1.137341|       3|
|      14|     14|     2|       512|0.953350|1.077533|1.122562|1.124527|1.127685|1.125822|1.129105|1.130797|1.133351|1.135988|1.134156|1.133071|1.131220|1.134416|       3|
|      14|     14|     2|       400|0.969048|1.081378|1.123194|1.122481|1.124220|1.126439|1.127646|1.131095|1.134762|1.133482|1.134949|1.131408|1.129355|1.131472|       3|
|      14|     14|     3|       512|0.969127|1.072421|1.124996|1.121225|1.123593|1.124357|1.128422|1.131602|1.133384|1.134734|1.134277|1.133332|1.134806|1.134795|       3|
|      14|     14|     3|       300|0.973585|1.081517|1.122238|1.122513|1.121038|1.123242|1.124574|1.128424|1.132266|1.133100|1.131376|1.133681|1.130992|1.131527|       3|
|      14|     14|     3|       400|0.980489|1.084700|1.126393|1.123925|1.125204|1.122881|1.124766|1.129648|1.136268|1.135294|1.134475|1.135439|1.133310|1.137899|       3|
|      14|     14|     2|       256|1.003187|1.085607|1.120773|1.122811|1.126022|1.123459|1.126425|1.129113|1.133403|1.135858|1.132764|1.131767|1.132778|1.135068|       3|
+--------+-------+------+----------+--------+--------+--------+--------+--------+--------+--------+--------+--------+--------+--------+--------+--------+--------+--------+
only showing top 20 rows


C. BERT

Analyze results at station = viet-tri:
+--------+-------+------+----------+-----+------+--------+--------+--------+--------+--------+--------+--------+--------+
|lookBack|horizon|layers|hiddenSize|heads|blocks| avg(h1)| avg(h2)| avg(h3)| avg(h4)| avg(h5)| avg(h6)| avg(h7)|count(n)|
+--------+-------+------+----------+-----+------+--------+--------+--------+--------+--------+--------+--------+--------+
|       7|      7|     5|       400|    4|     4|0.945468|1.055762|1.119007|1.120698|1.127141|1.131975|1.131981|       3|
|       7|      7|     5|       512|    8|     4|0.947578|1.064623|1.121735|1.119580|1.127636|1.132321|1.134158|       3|
|       7|      7|     7|       400|    2|     2|0.950985|1.061866|1.115809|1.121655|1.125882|1.128214|1.143591|       3|
|       7|      7|     7|       512|    4|     2|0.951117|1.057621|1.112032|1.121347|1.124779|1.128431|1.132793|       3|
|       7|      7|     5|       400|    8|     3|0.951876|1.052856|1.116079|1.118841|1.126379|1.127227|1.129487|       3|
|       7|      7|     5|       400|    2|     3|0.953488|1.058331|1.115548|1.120557|1.124190|1.132916|1.129216|       3|
|       7|      7|     7|       512|    4|     3|0.953857|1.064241|1.113521|1.120007|1.123965|1.128606|1.132056|       3|
|       7|      7|     5|       300|    4|     4|0.953986|1.065784|1.118837|1.126837|1.130921|1.127850|1.129735|       3|
|       7|      7|     7|       512|    8|     3|0.955485|1.065196|1.117439|1.122681|1.124909|1.128682|1.131398|       3|
|       7|      7|     5|       512|    4|     4|0.955930|1.058020|1.121410|1.126907|1.129461|1.131392|1.134177|       3|
|       7|      7|     5|       512|    4|     2|0.956003|1.064399|1.120543|1.120507|1.125539|1.127984|1.129903|       3|
|       7|      7|     5|       300|    2|     4|0.957496|1.061700|1.118595|1.121816|1.124943|1.132175|1.128432|       3|
|       7|      7|     5|       300|    8|     4|0.957786|1.059258|1.115649|1.118362|1.124824|1.129656|1.129672|       3|
|       7|      7|     7|       512|    2|     3|0.958065|1.058050|1.116164|1.118426|1.128479|1.132342|1.133867|       3|
|       7|      7|     5|       512|    2|     4|0.958213|1.049909|1.113845|1.123656|1.128969|1.134761|1.131861|       3|
|       7|      7|     7|       400|    4|     2|0.959098|1.066412|1.121422|1.124833|1.128677|1.126984|1.132162|       3|
|       7|      7|     7|       512|    8|     2|0.959161|1.062744|1.113709|1.125968|1.129961|1.130190|1.132114|       3|
|       7|      7|     7|       400|    8|     3|0.959554|1.065314|1.116068|1.119118|1.126448|1.129517|1.130019|       3|
|       7|      7|     5|       300|    8|     2|0.960681|1.071407|1.118381|1.120675|1.124464|1.126016|1.129197|       3|
|       7|      7|     5|       400|    4|     3|0.960923|1.064838|1.123037|1.126564|1.129482|1.132326|1.138713|       3|
+--------+-------+------+----------+-----+------+--------+--------+--------+--------+--------+--------+--------+--------+
only showing top 20 rows
