A. SIMPLE

Analyze results at station = vinh-yen:
+--------+-------+------+----------+--------+--------+--------+--------+--------+--------+
|lookBack|horizon|layers|hiddenSize| avg(h1)| avg(h2)| avg(h3)| avg(h4)| avg(h5)|count(n)|
+--------+-------+------+----------+--------+--------+--------+--------+--------+--------+
|       7|      5|     2|       256|1.113055|1.147788|1.159063|1.159303|1.156595|       3|
|       7|      5|     2|       300|1.115089|1.149092|1.161856|1.164462|1.153697|       3|
|       7|      5|     2|        64|1.115107|1.142342|1.147111|1.148404|1.146711|       3|
|       7|      5|     2|       128|1.115393|1.144079|1.152284|1.151916|1.147508|       3|
|       7|      5|     3|       128|1.117314|1.142881|1.152037|1.151661|1.147354|       3|
|       7|      5|     2|        32|1.122663|1.146349|1.150035|1.149224|1.152122|       3|
|       7|      5|     3|       256|1.124034|1.152851|1.177306|1.162390|1.154353|       3|
|       7|      5|     3|        64|1.126331|1.144842|1.146858|1.150375|1.148085|       3|
|       7|      5|     2|       400|1.128092|1.160823|1.170724|1.170405|1.153357|       3|
|       7|      5|     2|       512|1.129169|1.159454|1.177848|1.193905|1.169684|       3|
|       7|      5|     3|       300|1.135102|1.163050|1.175113|1.172911|1.164543|       3|
|       7|      5|     3|       400|1.136071|1.184129|1.194469|1.176671|1.164968|       3|
|       7|      5|     3|        32|1.136645|1.144906|1.147370|1.149047|1.148126|       3|
|       7|      5|     3|       512|1.175419|1.228399|1.222072|1.210991|1.180405|       3|
|      14|      5|     2|       128|1.110483|1.143735|1.148300|1.147484|1.147803|       3|
|      14|      5|     2|        64|1.118360|1.145245|1.151546|1.149848|1.149028|       3|
|      14|      5|     2|       256|1.121671|1.159245|1.166767|1.162552|1.157365|       3|
|      14|      5|     3|       128|1.122731|1.149119|1.154727|1.152847|1.153480|       3|
|      14|      5|     2|        32|1.128577|1.145568|1.146827|1.147216|1.145341|       3|
|      14|      5|     3|        64|1.135381|1.148817|1.149234|1.149115|1.146863|       3|
+--------+-------+------+----------+--------+--------+--------+--------+--------+--------+
only showing top 20 rows

+--------+-------+------+----------+--------+--------+--------+--------+--------+--------+--------+--------+
|lookBack|horizon|layers|hiddenSize| avg(h1)| avg(h2)| avg(h3)| avg(h4)| avg(h5)| avg(h6)| avg(h7)|count(n)|
+--------+-------+------+----------+--------+--------+--------+--------+--------+--------+--------+--------+
|       7|      7|     2|       256|1.114964|1.142742|1.160902|1.163822|1.157530|1.155541|1.146917|       3|
|       7|      7|     2|       400|1.115331|1.148247|1.167381|1.166716|1.156777|1.152337|1.146164|       3|
|       7|      7|     2|       128|1.116777|1.148301|1.153380|1.152560|1.148916|1.149984|1.144437|       3|
|       7|      7|     2|        64|1.118170|1.145597|1.149335|1.148534|1.149185|1.147496|1.145933|       3|
|       7|      7|     3|       128|1.118287|1.145165|1.152585|1.157025|1.152551|1.152844|1.147786|       3|
|       7|      7|     2|       300|1.118779|1.149058|1.158571|1.157344|1.154800|1.151479|1.150313|       3|
|       7|      7|     2|        32|1.126167|1.146213|1.149329|1.149721|1.147500|1.149222|1.145337|       3|
|       7|      7|     3|       256|1.126379|1.153452|1.171111|1.181294|1.165255|1.161275|1.148438|       3|
|       7|      7|     2|       512|1.127446|1.155724|1.174892|1.172462|1.180520|1.168371|1.160375|       3|
|       7|      7|     3|       400|1.131070|1.149864|1.166831|1.172793|1.170411|1.162251|1.147188|       3|
|       7|      7|     3|       300|1.134021|1.164717|1.185855|1.180560|1.164969|1.160293|1.150149|       3|
|       7|      7|     3|        64|1.136246|1.150663|1.150387|1.151645|1.150187|1.149581|1.144833|       3|
|       7|      7|     3|        32|1.137662|1.145707|1.148421|1.151151|1.149029|1.148701|1.147340|       3|
|       7|      7|     3|       512|1.158509|1.183667|1.197117|1.205613|1.194614|1.194592|1.174359|       3|
|      14|      7|     2|       128|1.119904|1.145103|1.152492|1.149460|1.150040|1.152540|1.147434|       3|
|      14|      7|     3|       128|1.120082|1.147861|1.149645|1.146514|1.147110|1.147383|1.147044|       3|
|      14|      7|     2|        64|1.125798|1.149703|1.154808|1.156007|1.155251|1.155479|1.152012|       3|
|      14|      7|     2|        32|1.127047|1.144846|1.145964|1.146483|1.145327|1.145390|1.142271|       3|
|      14|      7|     3|        64|1.135075|1.147153|1.146934|1.148612|1.149072|1.148915|1.145872|       3|
|      14|      7|     2|       256|1.137977|1.173478|1.184062|1.173379|1.171277|1.169118|1.170621|       3|
+--------+-------+------+----------+--------+--------+--------+--------+--------+--------+--------+--------+
only showing top 20 rows

+--------+-------+------+----------+--------+--------+--------+--------+--------+--------+--------+--------+--------+--------+--------+
|lookBack|horizon|layers|hiddenSize| avg(h1)| avg(h2)| avg(h3)| avg(h4)| avg(h5)| avg(h6)| avg(h7)| avg(h8)| avg(h9)|avg(h10)|count(n)|
+--------+-------+------+----------+--------+--------+--------+--------+--------+--------+--------+--------+--------+--------+--------+
|       7|     10|     2|       256|1.115073|1.140696|1.154030|1.156624|1.155128|1.150725|1.142122|1.145844|1.150056|1.145819|       3|
|       7|     10|     2|       300|1.115303|1.146579|1.159667|1.163671|1.158523|1.155346|1.147020|1.153066|1.152617|1.148755|       3|
|       7|     10|     2|       128|1.116155|1.141814|1.147375|1.150246|1.151042|1.152950|1.144591|1.144785|1.144814|1.144932|       3|
|       7|     10|     3|       128|1.120105|1.144944|1.151151|1.154081|1.156192|1.158813|1.151811|1.147233|1.147108|1.152816|       3|
|       7|     10|     2|        64|1.120971|1.143032|1.149262|1.150235|1.150598|1.151394|1.146200|1.146735|1.145786|1.147697|       3|
|       7|     10|     3|       256|1.122525|1.145507|1.162644|1.162553|1.160241|1.158541|1.147049|1.149759|1.148990|1.141391|       3|
|       7|     10|     2|       400|1.125171|1.152049|1.171045|1.170939|1.161173|1.156352|1.152367|1.156573|1.150481|1.148463|       3|
|       7|     10|     2|        32|1.126061|1.146163|1.152327|1.150469|1.150855|1.151262|1.148469|1.148285|1.146625|1.146127|       3|
|       7|     10|     2|       512|1.128882|1.158380|1.177626|1.186772|1.183563|1.176748|1.160849|1.171000|1.163499|1.146593|       3|
|       7|     10|     3|       400|1.130431|1.159445|1.184568|1.182804|1.187122|1.172724|1.165689|1.164955|1.152607|1.146580|       3|
|       7|     10|     3|        64|1.131178|1.142974|1.147005|1.152183|1.152207|1.152248|1.148764|1.146218|1.145005|1.147413|       3|
|       7|     10|     3|       300|1.132547|1.152432|1.171629|1.179189|1.164046|1.163623|1.149522|1.152427|1.148281|1.142176|       3|
|       7|     10|     3|        32|1.138787|1.145135|1.147914|1.149303|1.151996|1.150197|1.147539|1.145845|1.143295|1.144360|       3|
|       7|     10|     3|       512|1.157582|1.176643|1.190125|1.194016|1.192781|1.193522|1.182500|1.188351|1.173611|1.160656|       3|
|      14|     10|     2|       128|1.119157|1.147711|1.152227|1.150510|1.148647|1.144553|1.144960|1.144560|1.145562|1.149961|       3|
|      14|     10|     2|        64|1.122609|1.146662|1.152270|1.153163|1.153242|1.150099|1.147824|1.146787|1.145400|1.148037|       3|
|      14|     10|     3|       128|1.126129|1.147426|1.163353|1.153587|1.152976|1.148428|1.149515|1.147802|1.148155|1.150228|       3|
|      14|     10|     2|       256|1.126286|1.163268|1.167461|1.162384|1.157660|1.160161|1.163483|1.169955|1.176580|1.160618|       3|
|      14|     10|     2|       300|1.132318|1.176445|1.180818|1.171105|1.166861|1.165532|1.165574|1.169760|1.170961|1.157746|       3|
|      14|     10|     3|       256|1.135923|1.186338|1.203660|1.190827|1.192102|1.164286|1.164326|1.163763|1.192750|1.182019|       3|
+--------+-------+------+----------+--------+--------+--------+--------+--------+--------+--------+--------+--------+--------+--------+
only showing top 20 rows

+--------+-------+------+----------+--------+--------+--------+--------+--------+--------+--------+--------+--------+--------+--------+--------+--------+--------+--------+
|lookBack|horizon|layers|hiddenSize| avg(h1)| avg(h2)| avg(h3)| avg(h4)| avg(h5)| avg(h6)| avg(h7)| avg(h8)| avg(h9)|avg(h10)|avg(h11)|avg(h12)|avg(h13)|avg(h14)|count(n)|
+--------+-------+------+----------+--------+--------+--------+--------+--------+--------+--------+--------+--------+--------+--------+--------+--------+--------+--------+
|       7|     14|     2|       128|1.117443|1.143196|1.153527|1.152874|1.153522|1.153809|1.150396|1.149700|1.150881|1.152160|1.148345|1.154429|1.158199|1.156025|       3|
|       7|     14|     2|       300|1.119240|1.144533|1.156920|1.159949|1.157213|1.148247|1.143598|1.149427|1.153637|1.149074|1.148559|1.156077|1.158506|1.153602|       3|
|       7|     14|     2|       256|1.119615|1.143087|1.158427|1.163297|1.154838|1.153935|1.148868|1.153330|1.152135|1.152306|1.151146|1.159435|1.157964|1.157080|       3|
|       7|     14|     2|       400|1.121195|1.147466|1.169869|1.169981|1.160441|1.157248|1.153521|1.159659|1.159862|1.152722|1.151424|1.161033|1.160182|1.160145|       3|
|       7|     14|     2|        64|1.121910|1.146520|1.153304|1.154608|1.154214|1.154798|1.154057|1.151289|1.148777|1.152015|1.149119|1.149402|1.151429|1.147579|       3|
|       7|     14|     3|       128|1.124868|1.142652|1.148404|1.151949|1.151826|1.151127|1.148814|1.149370|1.149487|1.152955|1.151465|1.151910|1.154516|1.153812|       3|
|       7|     14|     3|       300|1.125998|1.148108|1.168267|1.170539|1.163174|1.156729|1.152316|1.153630|1.148220|1.144781|1.151666|1.162126|1.162421|1.156712|       3|
|       7|     14|     3|       256|1.127443|1.155135|1.164285|1.169839|1.156187|1.152985|1.147325|1.148049|1.154461|1.149806|1.151524|1.162631|1.160801|1.155536|       3|
|       7|     14|     2|       512|1.129472|1.168017|1.188154|1.188879|1.170956|1.171026|1.166597|1.171037|1.169342|1.158276|1.157357|1.168097|1.170933|1.166610|       3|
|       7|     14|     3|       400|1.133869|1.160022|1.180757|1.191050|1.175822|1.174102|1.161316|1.160467|1.160347|1.155368|1.156499|1.162778|1.165733|1.165098|       3|
|       7|     14|     2|        32|1.134182|1.150359|1.153915|1.157242|1.155801|1.155941|1.154329|1.152899|1.151905|1.153629|1.151892|1.151046|1.148718|1.147537|       3|
|       7|     14|     3|        64|1.135719|1.143902|1.149421|1.153630|1.154917|1.153719|1.150177|1.149705|1.148628|1.146553|1.149083|1.150394|1.147757|1.149086|       3|
|       7|     14|     3|        32|1.141614|1.148349|1.152807|1.153834|1.154925|1.155039|1.153509|1.152969|1.149380|1.149406|1.147237|1.148235|1.149065|1.146069|       3|
|       7|     14|     3|       512|1.158716|1.225986|1.221018|1.193217|1.190696|1.192206|1.190841|1.182227|1.175296|1.161045|1.168311|1.176894|1.176534|1.177733|       3|
|      14|     14|     2|       128|1.122618|1.146132|1.154557|1.153050|1.154257|1.152125|1.149007|1.148818|1.147437|1.146789|1.147380|1.155613|1.159859|1.155782|       3|
|      14|     14|     2|        64|1.127018|1.152521|1.157226|1.154602|1.155236|1.154611|1.155628|1.151980|1.152241|1.152545|1.150246|1.151391|1.155378|1.151066|       3|
|      14|     14|     3|       128|1.128964|1.144990|1.150597|1.148383|1.147763|1.150957|1.151027|1.150035|1.146285|1.152865|1.149632|1.151644|1.156323|1.152787|       3|
|      14|     14|     2|       256|1.129606|1.162640|1.184230|1.167395|1.164222|1.167238|1.166451|1.167400|1.171136|1.162892|1.161349|1.168077|1.163904|1.157841|       3|
|      14|     14|     3|       256|1.130766|1.165922|1.182152|1.175721|1.169919|1.162472|1.177073|1.173339|1.179472|1.181776|1.174799|1.168148|1.174552|1.179863|       3|
|      14|     14|     2|       300|1.132357|1.174443|1.183898|1.174274|1.173751|1.164135|1.165200|1.171382|1.185261|1.175764|1.175805|1.180695|1.180797|1.166492|       3|
+--------+-------+------+----------+--------+--------+--------+--------+--------+--------+--------+--------+--------+--------+--------+--------+--------+--------+--------+
only showing top 20 rows

B. COMPLEX

Analyze results at station = vinh-yen:
+--------+-------+------+----------+--------+--------+--------+--------+--------+--------+
|lookBack|horizon|layers|hiddenSize| avg(h1)| avg(h2)| avg(h3)| avg(h4)| avg(h5)|count(n)|
+--------+-------+------+----------+--------+--------+--------+--------+--------+--------+
|       7|      5|     3|       512|0.870391|0.951137|0.980924|0.995987|1.001268|       3|
|       7|      5|     2|       400|0.876985|0.948445|0.987016|1.002610|1.005836|       3|
|       7|      5|     2|       300|0.879518|0.955051|0.989650|1.012742|1.006721|       3|
|       7|      5|     2|       512|0.881883|0.947891|0.984154|0.995885|1.003242|       3|
|       7|      5|     3|       400|0.883267|0.947529|0.984879|0.996638|1.000987|       3|
|       7|      5|     3|       300|0.887457|0.952281|0.989465|1.000829|1.004723|       3|
|       7|      5|     2|       256|0.892163|0.963329|0.987757|0.999731|1.006193|       3|
|       7|      5|     3|       256|0.895688|0.959947|0.991963|1.000936|1.005764|       3|
|       7|      5|     2|       128|0.924518|0.973731|0.997449|1.003998|1.004129|       3|
|       7|      5|     3|       128|0.937901|0.971155|0.995346|1.002351|1.004926|       3|
|       7|      5|     2|        64|0.942299|0.976423|0.996661|1.003511|1.006186|       3|
|       7|      5|     2|        32|0.996686|0.998212|1.000843|1.004050|1.007404|       3|
|       7|      5|     3|        64|1.000542|1.003947|1.006861|1.011965|1.013040|       3|
|       7|      5|     3|        32|1.002311|1.003460|1.005162|1.007784|1.010707|       3|
|      14|      5|     2|       512|0.877831|0.948191|0.988861|1.001135|1.001665|       3|
|      14|      5|     3|       256|0.879207|0.953162|0.987089|1.000585|1.003882|       3|
|      14|      5|     3|       512|0.881279|0.950360|0.990363|1.000563|1.003235|       3|
|      14|      5|     3|       300|0.887349|0.954515|0.989001|0.998098|0.999640|       3|
|      14|      5|     2|       256|0.893191|0.961155|0.988167|0.999614|1.000233|       3|
|      14|      5|     3|       400|0.897589|0.950799|0.988405|0.999604|1.001894|       3|
+--------+-------+------+----------+--------+--------+--------+--------+--------+--------+
only showing top 20 rows

+--------+-------+------+----------+--------+--------+--------+--------+--------+--------+--------+--------+
|lookBack|horizon|layers|hiddenSize| avg(h1)| avg(h2)| avg(h3)| avg(h4)| avg(h5)| avg(h6)| avg(h7)|count(n)|
+--------+-------+------+----------+--------+--------+--------+--------+--------+--------+--------+--------+
|       7|      7|     3|       400|0.875733|0.949156|0.993356|1.004079|1.004040|1.005866|1.009915|       3|
|       7|      7|     3|       512|0.881793|0.946423|0.987843|0.999570|1.006538|1.004904|1.010257|       3|
|       7|      7|     5|       400|0.881942|0.955564|0.993191|1.006249|1.006452|1.008900|1.010950|       6|
|       7|      7|     2|       400|0.885036|0.952339|0.987594|1.000147|1.004720|1.009289|1.011031|       3|
|       7|      7|     5|       512|0.887236|0.956370|0.995536|1.002865|1.006229|1.009973|1.010979|       6|
|       7|      7|     2|       300|0.891266|0.954660|0.986314|0.997288|1.006078|1.005864|1.005548|       3|
|       7|      7|     3|       256|0.894646|0.957850|0.989894|0.998506|1.000831|1.003280|1.005699|       3|
|       7|      7|     3|       300|0.895142|0.956952|1.003563|1.003559|1.011181|1.009003|1.009066|       3|
|       7|      7|     7|       400|0.900673|0.954482|0.992147|1.003488|1.006426|1.009478|1.010227|       3|
|       7|      7|     5|       768|0.901909|0.967269|0.997838|1.009209|1.007813|1.009548|1.014638|       3|
|       7|      7|     2|       512|0.902946|0.946191|0.981991|1.000705|1.007118|1.008516|1.012052|       3|
|       7|      7|     7|       512|0.903975|0.968553|1.000157|1.014038|1.011141|1.014095|1.020018|       3|
|       7|      7|     5|       300|0.907126|0.959660|0.996940|1.009200|1.008633|1.014855|1.013207|       6|
|       7|      7|     7|       300|0.915844|0.958315|0.988897|0.999495|1.001469|1.005788|1.006335|       3|
|       7|      7|     2|       128|0.916712|0.977085|0.996477|1.003231|1.002856|1.004601|1.006824|       3|
|       7|      7|     2|       256|0.917239|0.963170|0.994389|1.003599|1.004375|1.002999|1.006096|       3|
|       7|      7|     3|       128|0.990595|0.999835|1.005769|1.011936|1.013016|1.017303|1.016734|       3|
|       7|      7|     2|        64|0.991603|0.993598|1.002596|1.005004|1.007651|1.007936|1.007967|       3|
|       7|      7|     2|        32|1.024934|1.026974|1.028677|1.030089|1.032984|1.033122|1.033748|       3|
|       7|      7|     3|        64|1.028822|1.029751|1.032059|1.033443|1.035433|1.037051|1.035904|       3|
+--------+-------+------+----------+--------+--------+--------+--------+--------+--------+--------+--------+
only showing top 20 rows

+--------+-------+------+----------+--------+--------+--------+--------+--------+--------+--------+--------+--------+--------+--------+
|lookBack|horizon|layers|hiddenSize| avg(h1)| avg(h2)| avg(h3)| avg(h4)| avg(h5)| avg(h6)| avg(h7)| avg(h8)| avg(h9)|avg(h10)|count(n)|
+--------+-------+------+----------+--------+--------+--------+--------+--------+--------+--------+--------+--------+--------+--------+
|       7|     10|     3|       400|0.881585|0.952900|0.991511|1.001387|1.002326|1.006002|1.009150|1.010693|1.009680|1.008534|       3|
|       7|     10|     3|       512|0.887900|0.956882|1.002656|1.006521|1.010722|1.013046|1.013995|1.019269|1.015186|1.017601|       3|
|       7|     10|     2|       256|0.889355|0.963508|0.991773|0.999633|1.004289|1.005113|1.006125|1.008218|1.011066|1.008987|       3|
|       7|     10|     2|       512|0.892255|0.954743|0.996198|0.999146|1.004996|1.008907|1.017407|1.013236|1.012541|1.015890|       3|
|       7|     10|     3|       300|0.896461|0.958659|0.993462|1.002506|1.005418|1.006737|1.006277|1.007684|1.008706|1.005745|       3|
|       7|     10|     2|       300|0.897493|0.969211|0.994141|0.999838|1.001794|1.004285|1.005011|1.008958|1.008372|1.008951|       3|
|       7|     10|     2|       400|0.900314|0.963419|0.989912|0.999403|1.002656|1.003942|1.006873|1.009562|1.009076|1.008404|       3|
|       7|     10|     3|       256|0.932886|0.968316|0.994369|1.004855|1.005811|1.006061|1.017631|1.014620|1.013740|1.011070|       3|
|       7|     10|     2|       128|0.946517|0.975259|0.996528|1.000938|1.006735|1.010138|1.007714|1.007757|1.011238|1.007996|       3|
|       7|     10|     3|       128|0.997738|0.999073|1.001765|1.007214|1.006615|1.009416|1.011982|1.010702|1.010126|1.009610|       3|
|       7|     10|     2|        64|0.997987|1.002249|1.004284|1.008259|1.010964|1.011607|1.014214|1.014178|1.015005|1.013914|       3|
|       7|     10|     3|        64|0.999216|1.001437|1.003312|1.002898|1.006882|1.008682|1.009864|1.011021|1.010792|1.010448|       3|
|       7|     10|     2|        32|1.025904|1.026696|1.029428|1.029284|1.031803|1.032160|1.033059|1.033326|1.034806|1.034246|       3|
|       7|     10|     3|        32|1.030814|1.031179|1.032769|1.035237|1.035738|1.036485|1.036918|1.037303|1.038112|1.037576|       3|
|      14|     10|     2|       512|0.894759|0.958769|0.990190|1.001383|1.008476|1.008326|1.006813|1.011264|1.015753|1.016499|       3|
|      14|     10|     2|       400|0.895226|0.956539|0.987589|0.997767|1.001582|1.001346|1.000369|1.005472|1.005430|1.007753|       3|
|      14|     10|     3|       512|0.896516|0.950278|0.989530|0.998396|1.001067|1.002994|1.003438|1.009560|1.008351|1.008501|       3|
|      14|     10|     2|       300|0.905681|0.962471|0.990520|1.005228|1.005142|1.004525|1.002383|1.008835|1.007176|1.009568|       3|
|      14|     10|     2|       256|0.915421|0.970529|0.994474|1.001882|1.004388|1.004987|1.005984|1.005213|1.006250|1.004775|       3|
|      14|     10|     3|       400|0.933933|0.971829|0.997629|1.003987|1.003542|1.003451|1.006993|1.012466|1.011800|1.008204|       3|
+--------+-------+------+----------+--------+--------+--------+--------+--------+--------+--------+--------+--------+--------+--------+
only showing top 20 rows

+--------+-------+------+----------+--------+--------+--------+--------+--------+--------+--------+--------+--------+--------+--------+--------+--------+--------+--------+
|lookBack|horizon|layers|hiddenSize| avg(h1)| avg(h2)| avg(h3)| avg(h4)| avg(h5)| avg(h6)| avg(h7)| avg(h8)| avg(h9)|avg(h10)|avg(h11)|avg(h12)|avg(h13)|avg(h14)|count(n)|
+--------+-------+------+----------+--------+--------+--------+--------+--------+--------+--------+--------+--------+--------+--------+--------+--------+--------+--------+
|       7|     14|     2|       512|0.887181|0.956347|0.991497|1.003543|1.007049|1.007490|1.005925|1.008151|1.008769|1.008338|1.008706|1.009238|1.007866|1.005227|       3|
|       7|     14|     3|       400|0.899907|0.962554|0.997077|1.003795|1.006097|1.006585|1.007459|1.008873|1.007867|1.004866|1.006823|1.008390|1.008477|1.008197|       3|
|       7|     14|     3|       512|0.900172|0.961580|0.996625|1.007606|1.014176|1.013264|1.008447|1.013985|1.013256|1.006720|1.009189|1.008838|1.011348|1.008817|       3|
|       7|     14|     2|       400|0.904903|0.966354|0.994688|1.003608|1.006651|1.004842|1.007862|1.009772|1.012928|1.011075|1.011934|1.009069|1.009025|1.008447|       3|
|       7|     14|     2|       300|0.905178|0.967465|0.994195|1.002832|1.006304|1.006185|1.005111|1.010117|1.011812|1.008771|1.006760|1.008933|1.008504|1.008560|       3|
|       7|     14|     2|       256|0.918472|0.970569|0.994228|1.005773|1.009627|1.006655|1.007147|1.008658|1.012208|1.010013|1.009660|1.008776|1.007556|1.007896|       3|
|       7|     14|     3|       256|0.933642|0.980817|0.998788|1.006058|1.008590|1.009294|1.007677|1.009984|1.008917|1.005481|1.008853|1.007520|1.004791|1.008504|       3|
|       7|     14|     3|       300|0.934555|0.978417|1.000593|1.011178|1.008718|1.009571|1.012036|1.013217|1.014586|1.017925|1.015967|1.010846|1.008776|1.010955|       3|
|       7|     14|     2|       128|0.984155|0.996303|1.003782|1.006855|1.008831|1.010642|1.008852|1.009199|1.007565|1.011673|1.008182|1.008920|1.007202|1.009504|       3|
|       7|     14|     2|        64|1.000504|1.001076|1.004987|1.007087|1.009529|1.009429|1.011117|1.010845|1.011383|1.011879|1.010443|1.008834|1.009130|1.010306|       3|
|       7|     14|     3|        32|1.000544|1.002586|1.004890|1.006607|1.008936|1.008868|1.008925|1.008954|1.007496|1.007967|1.008220|1.009337|1.011401|1.010967|       3|
|       7|     14|     3|       128|1.000914|1.002766|1.003054|1.006164|1.008994|1.009282|1.010363|1.013372|1.009302|1.008229|1.009975|1.007304|1.008069|1.009011|       3|
|       7|     14|     3|        64|1.003155|1.002982|1.005395|1.008033|1.010067|1.011585|1.012502|1.011525|1.010360|1.009684|1.009858|1.009764|1.011040|1.011764|       3|
|       7|     14|     2|        32|1.027091|1.026855|1.028241|1.030773|1.032139|1.034346|1.035220|1.036215|1.037726|1.037988|1.036496|1.035160|1.035383|1.035213|       3|
|      14|     14|     2|       512|0.890219|0.964865|1.001512|1.008141|1.006814|1.009125|1.010845|1.019312|1.015889|1.015151|1.013623|1.013537|1.010789|1.010482|       3|
|      14|     14|     3|       300|0.897622|0.961739|0.996421|1.003265|1.005862|1.005432|1.007035|1.008789|1.006741|1.010606|1.009458|1.009980|1.009672|1.009441|       3|
|      14|     14|     2|       400|0.898708|0.959415|0.997952|1.011752|1.010709|1.014319|1.008809|1.010623|1.015000|1.010977|1.007698|1.013530|1.010135|1.004999|       3|
|      14|     14|     3|       512|0.902685|0.952087|0.995315|1.001771|1.001401|1.004850|1.004323|1.008569|1.010516|1.010203|1.009706|1.010975|1.007553|1.007959|       3|
|      14|     14|     3|       400|0.914236|0.966489|0.999256|1.003456|1.006252|1.008871|1.012078|1.010818|1.010616|1.013153|1.013542|1.010327|1.009948|1.008297|       3|
|      14|     14|     2|       300|0.917010|0.964135|0.997575|1.006057|1.008266|1.005190|1.007022|1.010693|1.010846|1.012279|1.012927|1.011204|1.008865|1.010315|       3|
+--------+-------+------+----------+--------+--------+--------+--------+--------+--------+--------+--------+--------+--------+--------+--------+--------+--------+--------+
only showing top 20 rows


C. BERT

Analyze results at station = vinh-yen:
+--------+-------+------+----------+-----+------+--------+--------+--------+--------+--------+--------+--------+--------+
|lookBack|horizon|layers|hiddenSize|heads|blocks| avg(h1)| avg(h2)| avg(h3)| avg(h4)| avg(h5)| avg(h6)| avg(h7)|count(n)|
+--------+-------+------+----------+-----+------+--------+--------+--------+--------+--------+--------+--------+--------+
|       7|      7|     5|       400|    4|     3|0.870636|0.942642|0.987974|1.000004|1.010300|1.011059|1.012212|       3|
|       7|      7|     5|       512|    4|     2|0.870651|0.950041|0.991160|1.001415|1.007316|1.011784|1.013679|       3|
|       7|      7|     5|       512|    8|     2|0.871200|0.945737|0.983778|1.004080|1.008342|1.013531|1.015617|       3|
|       7|      7|     7|       300|    2|     3|0.872323|0.944976|0.985274|1.002668|1.006095|1.011481|1.016787|       3|
|       7|      7|     7|       400|    2|     3|0.872759|0.944028|0.982184|1.000641|1.005662|1.011696|1.015165|       3|
|       7|      7|     7|       400|    4|     4|0.873339|0.948914|0.985145|0.999656|1.008907|1.010822|1.022284|       3|
|       7|      7|     7|       400|    4|     2|0.877178|0.944569|0.981473|1.001000|1.006090|1.010131|1.011384|       3|
|       7|      7|     5|       512|    2|     2|0.877401|0.943482|0.980713|1.004404|1.013567|1.014325|1.018291|       3|
|       7|      7|     5|       400|    2|     2|0.877668|0.952868|0.986105|0.999080|1.005193|1.011238|1.012948|       3|
|       7|      7|     5|       512|    8|     3|0.878015|0.942820|0.984662|1.003125|1.011874|1.017535|1.017193|       3|
|       7|      7|     5|       512|    4|     4|0.878068|0.946325|0.981556|0.997506|1.006981|1.011775|1.014998|       3|
|       7|      7|     7|       300|    4|     2|0.878157|0.961852|0.992030|1.004596|1.011169|1.014292|1.015078|       3|
|       7|      7|     5|       400|    8|     3|0.878853|0.953039|0.987550|1.001051|1.005091|1.009820|1.018097|       3|
|       7|      7|     5|       512|    8|     4|0.878952|0.947978|0.982277|0.999568|1.010019|1.010164|1.017118|       3|
|       7|      7|     7|       512|    2|     3|0.879408|0.952084|0.983731|0.998223|1.011404|1.013252|1.015168|       3|
|       7|      7|     5|       400|    4|     2|0.879460|0.946932|0.987974|1.001911|1.007578|1.010087|1.011056|       3|
|       7|      7|     5|       300|    8|     3|0.879771|0.955661|0.990206|1.003039|1.012743|1.010941|1.016125|       3|
|       7|      7|     7|       300|    2|     2|0.879802|0.952544|0.990275|1.000042|1.006992|1.009786|1.014651|       3|
|       7|      7|     5|       400|    2|     3|0.880213|0.944659|0.987987|0.999040|1.007936|1.011419|1.013351|       3|
|       7|      7|     7|       400|    2|     2|0.880254|0.948370|0.988253|1.004138|1.008200|1.014345|1.013762|       3|
+--------+-------+------+----------+-----+------+--------+--------+--------+--------+--------+--------+--------+--------+
only showing top 20 rows
